#Vectors
x<-3
y<-5
x # will show 3
y # show value

x<-c(3,7,5) 
x

y<-c(5,7,54,2,11,31,58)
y[1] #displays 5
y[-1] #7 54  2 11 31 58
y[-6] #5  7 54  2 11 58
y[-2:-6] #5 58
